1464763860 0 1 0 0 0 0 0 0 0
1464766277 0 2 0 0 0 0 0 0 0
1464766548 0 3 0 0 0 0 0 0 0
1464766634 1 3 0 0 0 0 0 0 0
1464766912 1 4 0 0 0 0 0 0 0
1464767031 2 4 0 0 0 0 0 0 0
1464767132 2 4 0 1 0 0 0 0 0
1464767291 3 4 0 1 0 0 0 0 0
1464767850 3 4 0 2 0 0 0 0 0
1464768172 3 4 0 2 0 0 0 1 0
1464768649 3 4 0 3 0 0 0 1 0
1464768913 3 4 0 4 0 0 0 1 0
1464768931 3 5 0 4 0 0 0 1 0
1464769142 3 5 0 5 0 0 0 1 0
1464769260 3 5 0 5 1 0 0 1 0
1464769362 3 5 0 5 2 0 0 1 0
1464769822 3 5 0 5 2 0 0 2 0
1464769910 3 6 0 5 2 0 0 2 0
1464769989 3 7 0 5 2 0 0 2 0
1464770530 4 7 0 5 2 0 0 2 0
1464772819 5 7 0 5 2 0 0 2 0
1464835546 5 7 0 5 2 1 0 2 0
1464837576 5 7 0 6 2 1 0 2 0
1464838435 5 7 0 6 3 1 0 2 0
1464839057 5 7 0 7 3 1 0 2 0
1464839229 5 7 0 7 3 1 0 2 1
1464932094 5 8 0 7 3 1 0 2 1
1464943301 5 9 0 7 3 1 0 2 1
1465522936 5 9 1 7 3 1 0 2 1
1465534751 5 10 1 7 3 1 0 2 1
1465538925 5 10 2 7 3 1 0 2 1
1465539206 5 10 3 7 3 1 0 2 1
1465539555 5 11 3 7 3 1 0 2 1
1465541762 5 12 3 7 3 1 0 2 1
1465542378 6 12 3 7 3 1 0 2 1
1465542720 6 13 3 7 3 1 0 2 1
1465542978 6 14 3 7 3 1 0 2 1
1465543306 7 14 3 7 3 1 0 2 1
1465543656 7 15 3 7 3 1 0 2 1
1465544003 7 16 3 7 3 1 0 2 1
1465872017 7 16 4 7 3 1 0 2 1
1465875724 7 16 5 7 3 1 0 2 1
1465878790 8 16 5 7 3 1 0 2 1
1465882748 9 16 5 7 3 1 0 2 1
1465883939 9 17 5 7 3 1 0 2 1
1465883959 9 18 5 7 3 1 0 2 1
1465884333 9 19 5 7 3 1 0 2 1
1465974967 9 20 5 7 3 1 0 2 1
1465975723 10 20 5 7 3 1 0 2 1
1465976861 10 21 5 7 3 1 0 2 1
1465983949 10 21 5 7 4 1 0 2 1
1466144261 11 21 5 7 4 1 0 2 1
1466145278 12 21 5 7 4 1 0 2 1
1466146486 12 21 6 7 4 1 0 2 1
1466150810 13 21 6 7 4 1 0 2 1
1466150836 14 21 6 7 4 1 0 2 1
1466151827 14 21 7 7 4 1 0 2 1
1466152714 15 21 7 7 4 1 0 2 1
1466152727 16 21 7 7 4 1 0 2 1
1466577568 17 21 7 7 4 1 0 2 1
1466579134 18 21 7 7 4 1 0 2 1
1466587755 19 21 7 7 4 1 0 2 1
1466749274 19 22 7 7 4 1 0 2 1
1466749475 19 23 7 7 4 1 0 2 1
1466749799 19 24 7 7 4 1 0 2 1
1466750293 20 24 7 7 4 1 0 2 1
1466751289 21 24 7 7 4 1 0 2 1
1466751687 22 24 7 7 4 1 0 2 1
1466754458 22 25 7 7 4 1 0 2 1
1467022522 22 26 7 7 4 1 0 2 1
1467109011 22 27 7 7 4 1 0 2 1
1467119692 23 27 7 7 4 1 0 2 1
1467119724 24 27 7 7 4 1 0 2 1
1467168883 24 28 7 7 4 1 0 2 1
1467191494 25 28 7 7 4 1 0 2 1
1467193668 26 28 7 7 4 1 0 2 1
1467356265 27 28 7 7 4 1 0 2 1
1467358509 28 28 7 7 4 1 0 2 1
1467700877 29 28 7 7 4 1 0 2 1
1467701617 30 28 7 7 4 1 0 2 1
1467706452 31 28 7 7 4 1 0 2 1
1467941317 31 29 7 7 4 1 0 2 1
1467945886 32 29 7 7 4 1 0 2 1
1468571622 33 29 7 7 4 1 0 2 1
1469002918 33 30 7 7 4 1 0 2 1
1469006707 34 30 7 7 4 1 0 2 1
1470282676 35 30 7 7 4 1 0 2 1
1474613951 36 30 7 7 4 1 0 2 1
1475209666 37 30 7 7 4 1 0 2 1
1476240305 38 30 7 7 4 1 0 2 1
1476425571 38 30 8 7 4 1 0 2 1
1476425830 38 30 8 7 4 1 1 2 1
1476425847 38 30 8 7 4 1 2 2 1
1476427643 38 30 9 7 4 1 2 2 1
1476427752 38 30 10 7 4 1 2 2 1
1476428338 38 30 11 7 4 1 2 2 1
1476431568 39 30 11 7 4 1 2 2 1
1476431901 40 30 11 7 4 1 2 2 1
1476858582 40 30 12 7 4 1 2 2 1
1476858639 40 30 13 7 4 1 2 2 1
1476864219 41 30 13 7 4 1 2 2 1
1476868211 41 31 13 7 4 1 2 2 1
1476868550 42 31 13 7 4 1 2 2 1
1476869054 42 31 14 7 4 1 2 2 1
1476929586 43 31 14 7 4 1 2 2 1
1476930585 44 31 14 7 4 1 2 2 1
1476942983 44 31 15 7 4 1 2 2 1
1477036449 44 32 15 7 4 1 2 2 1
1477038347 44 33 15 7 4 1 2 2 1
1477470977 44 33 16 7 4 1 2 2 1
1477644274 44 33 17 7 4 1 2 2 1
1478066466 44 34 17 7 4 1 2 2 1
1478069336 44 35 17 7 4 1 2 2 1
1478070187 45 35 17 7 4 1 2 2 1
1478239830 45 36 17 7 4 1 2 2 1
1478243220 45 37 17 7 4 1 2 2 1
1478244402 45 38 17 7 4 1 2 2 1
1478609518 46 38 17 7 4 1 2 2 1
1478666688 47 38 17 7 4 1 2 2 1
1478669183 48 38 17 7 4 1 2 2 1
1478672467 48 38 18 7 4 1 2 2 1
1478686221 49 38 18 7 4 1 2 2 1
1478686352 50 38 18 7 4 1 2 2 1
1478775083 51 38 18 7 4 1 2 2 1
1478803034 51 38 18 7 4 2 2 2 1
1478844492 51 38 19 7 4 2 2 2 1
1478845470 51 38 20 7 4 2 2 2 1
1478847137 51 38 21 7 4 2 2 2 1
1478847829 52 38 21 7 4 2 2 2 1
1478848202 53 38 21 7 4 2 2 2 1
1478851199 53 38 22 7 4 2 2 2 1
1478851297 53 38 23 7 4 2 2 2 1
1480060670 54 38 23 7 4 2 2 2 1
1480060720 55 38 23 7 4 2 2 2 1
1480497523 55 39 23 7 4 2 2 2 1
1480500691 55 39 24 7 4 2 2 2 1
1480505397 55 39 25 7 4 2 2 2 1
1480590038 56 39 25 7 4 2 2 2 1
1480657833 57 39 25 7 4 2 2 2 1
1480874995 58 39 25 7 4 2 2 2 1
1480922984 58 39 26 7 4 2 2 2 1
1480923083 58 39 27 7 4 2 2 2 1
1480925138 58 39 28 7 4 2 2 2 1
1481084248 58 39 29 7 4 2 2 2 1
1481088174 59 39 29 7 4 2 2 2 1
1481093401 60 39 29 7 4 2 2 2 1
1481180477 61 39 29 7 4 2 2 2 1
1481181630 62 39 29 7 4 2 2 2 1
1481186902 63 39 29 7 4 2 2 2 1
1481188217 64 39 29 7 4 2 2 2 1
1481248456 65 39 29 7 4 2 2 2 1
1485751358 66 39 29 7 4 2 2 2 1
1485758132 67 39 29 7 4 2 2 2 1
1485758488 67 39 29 7 5 2 2 2 1
1485759393 67 39 29 7 6 2 2 2 1
