1464763860 1
1464766277 2
1464766548 3
1464766912 4
1464767132 6
1464767850 12
1464770530 7
1464772819 7
1465542378 7
1465543306 13
1465543656 13
1465544003 13
1465872017 13
1465875724 13
1465878790 13
1465883939 13
1465883959 13
1465884333 72
1465974967 124
1465975723 124
1465976861 124
1465983949 124
1466144261 124
1466145278 124
1466150810 124
1466150836 124
1466152714 124
1466152727 124
1466577568 124
1466579134 124
1466587755 124
1466749274 124
1466749475 124
1466749799 124
1466750293 3
1466751289 3
1466751687 3
1466754458 3
1467022522 3
1467119692 3
1467119724 3
1467191494 3
1467193668 3
1467356265 3
1467358509 3
1467700877 3
1467701617 3
1467706452 3
1467941317 3
1467945886 3
1468571622 3
1469002918 3
1469006707 3
1470282676 3
1474613951 3
1475209666 3
1476240305 3
1476425571 3
1476427643 3
1476427752 3
1476428338 3
1476858582 3
1476858639 3
1476864219 3
1476868550 3
1476869054 3
1476929586 3
1476930585 3
1476942983 3
1477036449 85
1477038347 295
1477470977 295
1477644274 295
1478066466 513
1478069336 595
1478070187 595
1478239830 865
1478243220 865
1478244402 865
1478609518 865
1478666688 865
1478669183 865
1478672467 865
1478844492 874
1478845470 670
1478847137 705
1478851199 705
1478851297 705
1480060670 705
1480060720 705
1480497523 705
1480500691 705
1480505397 705
1480590038 705
1480922984 705
1480923083 705
1480925138 705
1481084248 1065
1481088174 1065
1481093401 1065
1481180477 1065
1481181630 1065
1481186902 1065
1481188217 1066
1481248456 1066
1485751358 1066
1485758132 1065
1485758488 1065
1485759393 1065
